01000000010010010000111111011100
01000011000000000000000000000000
00111111011001100110011001100110
01000011000101100000000000000000
11000011000101100000000000000000
00111101110011001100110011001101
11000000000000000000000000000000
00111011011111111111101111001110
01000001101000000000000000000000
00111101010011001100110011001101
00111110100000000000000000000000
01000001001000000000000000000000
00111110100110011001100110011010
01000011011111110000000000000000
00111110000110011001100110011010
01000000010010010000111111011100
01000001111100000000000000000000
01000001011100000000000000000000
00111000110100011011011100010111
01001100101111101011110000100000
01001110011011100110101100101000
10111101110011001100110011001101
00111100001000111101011100001010
10111110010011001100110011001101
01000000000000000000000000000000
11000011010010000000000000000000
01000011010010000000000000000000
00111100100011101111100110011000
01000000000111000000000000000000
00111110111000000000000000000000
00111101011101011110011101000011
00111101101101111101011000110000
00111101111000111000111000101010
00111110000100100100100100011011
00111110010011001100110011001101
00111110101010101010101010011111
00111111010010010000111111011000
00111111110010010000111111011000
10111111100000000000000000000000
01000000110010010000111111011010
00111010101100111001000110010010
00111101001010101010011111011111
00111111000000000000000000000000
00111111100000000000000000000000
00111001010011011000010101011001
00111100000010001000011100100011
00111110001010101010101011000001
00000000000000000000000000000000
