288230307566387200
287949107400866240
287668455385770880
287388349904727021
287108789397730620
286829772227439043
286551296862841248
286273361678977785
285995965140336608
285719105684115807
285442781720355608
285166991714983168
284891734139843920
284617007423018700
284342810048245074
284069140488573265
283795997206418288
283523378686583607
283251283452628110
282979709951487764
282708656718243520
282438122244305664
282168105043256552
281898603634351780
281629616526116200
281361142281841263
281093179404901728
280825726453355325
280558781974421760
280292344504534540
280026412601960514
279760984846696388
279496059791605760
279231636011261631
278967712085620910
278704286599999184
278441358145045488
278178925316717075
277916986700093088
277655540917864512
277394586581764568
277134122292618748
276874146688700800
276614658381211956
276355656002621440
276097138190510380
275839103603589746
275581550857496961
275324478637074240
275067885568078272
274811770329321848
274556131572597021
274300968002558156
274046278264918156
273792061042255464
273538315037933988
273285038928331592
273032231410596687
272779891186689408
272528016979208965
272276607467961408
272025661400893403
271775177467339296
271525154408823040
271275590955715520
271026485827284928
270777837794736750
270529645555114517
270281907888820160
270034623533604267
269787791263207338
269541409824494433
269295477984561336
269049994514995071
268804958191853622
268560367780027648
268316222095706960
268072519912608460
267829260008896866
267586441198286340
267344062267690688
267102122039477872
266860619324751360
266619552907896400
266378921639647920
266138724343927788
265898959817965032
265659626925113232
265420724471069088
265182251327503804
264944206308505560
264706588278594653
264469396090977892
264232628602964736
263996284660596642
263760363144714513
263524862909501856
263289782843850752
263055121810014430
262820878689579540
262587052383380928
262353641765642252
262120645729827456
261888063173324196
261655892982209880
261424134092115055
261192785396864534
260961845794192192
260731314216049620
260501189583006284
260271470819434978
260042156823250788
259813246571794496
259584738970518255
259356632958885774
259128927480081104
258901621496050316
258674713942287987
258448203773044736
258222089931210249
257996371408379680
257771047154694588
257546116138935750
257321577318511956
257097429699318180
256873672230950348
256650303896507586
256427323697532081
256204730624130560
255982523655022695
255760701787339320
255539264036543296
255318209391803392
255097536860616108
254877245468726730
254657334200808609
254437802104223712
254218648170473840
253999871453618230
253781470951928637
253563445711356628
253345794766392835
253128517154836866
252911611903074980
252695078070217200
252478914689222943
252263120825697502
252047695519117300
251832637841527596
251617946838866699
251403621574942720
251189661131357057
250976064549042592
250762830930525375
250549959337660710
250337448850043764
250125298535840676
249913507509973740
249702074832269346
249490999609260009
249280280935996800
249069917910582384
248859909619685496
248650255181972421
248440953690176512
248232004268954304
248023406017052832
247815158065068465
247607259503311576
247399709497081935
247192507128215040
246985651539074037
246779141874889236
246572977255062835
246367156801936072
246161679683724288
245956545014194896
245751751967236047
245547299662358496
245343187264805525
245139413928334128
244935978795263436
244732881039220840
244530119808127233
244327694281142784
244125603625942759
243923846998764646
243722423572806132
243521332538153988
243320573059261035
243120144317470728
242920045496819088
242720275784023872
242520834382579676
242321720456313134
242122933228121424
241924471867164444
241726335601558860
241528523605754970
241331035099009329
241133869289103360
240937025372389959
240740502589847256
240544300114974228
240348417207833040
240152853061054464
239957606897805600
239762677957719945
239568065455031040
239373768634363904
239179786714968120
238986118932519924
238792764525166592
238599722747394675
238406992828364960
238214573999725968
238022465537132328
237830666677074672
237639176672321910
237447994764235549
237257120238012048
237066552325989452
236876290318077186
236686333437630720
236496680993022080
236307332226116455
236118286422402936
235929542855930525
235741100789355420
235552959501385644
235365118286716810
235177576414934697
234990333185284376
234803387871925436
234616739764969560
234430388170416960
234244332355596880
234058571644614412
233873105322907010
233687932691765569
233503053054690304
233318465730952383
233134170001293432
232950165189370320
232766450593895984
232583025556374124
232399889366313192
232217041369482000
232034480859721248
231852207160059840
231670219609123910
231488517534150261
231307100264481792
231125967118118451
230945117428625544
230764550545071760
230584265791736832
230404262521809695
230224540063715808
230045097761352525
229865934960658928
229687051022968300
229508445284901032
229330117098476420
229152065817724384
228974290798677788
228796791399364760
228619566979801012
228442616901982160
228265940529876044
228089537229415048
227913406368488420
227737547316934592
227561959433299335
227386642104553344
227211594706338869
227036816603012940
226862307187274715
226688065840503146
226514091932800324
226340384862527528
226166944003580943
225993768744916120
225820858490492181
225648212632965120
225475830540617163
225303711636074696
225131855317535937
224960260958864256
224788927988125575
224617855795933054
224447043787806528
224276491371071232
224106197954851051
223936162950061770
223766385769404324
223596865827358048
223427602540173927
223258595325867846
223089843604213840
222921346796737344
222753104313753900
222585115593247506
222417380061959481
222249897135429200
222082666269706015
221915686857935736
221748958372474085
221582480222818608
221416251845995107
221250272693584938
221084542205952000
220919059812285000
220753824956319600
220588837083451974
220424095653556005
220259600115304464
220095349893410816
219931344465469650
219767583272283200
219604065769089728
219440791412746176
219277759661722286
219114969988840381
218952421830278640
218790114674790444
218628047961776442
218466221183124177
218304633781433216
218143285239013727
217982175027025920
217821302618189885
217660667486779712
217500269095967308
217340106935787720
217180180485144128
217020489224470528
216861032623113047
216701810177184640
216542821359084864
216384065667932208
216225542591734444
216067251607429722
215909192206044393
215751363892641384
215593766161187799
215436398482066806
215279260377290917
215122351345240836
214965670860751139
214809218450160530
214652993603729380
214496995838151072
214341224634121216
214185679523672574
214030359990399348
213875265569151644
213720395758831995
213565750072214760
213411328023482432
213257129128220568
213103152903412719
212949398867435360
212795866527675925
212642555430045504
212489465072323435
212336594990785650
212183944710699072
212031513758693440
211879301662756239
211727307939914624
211575532120884421
211423973762322112
211272632372995515
211121507499918234
210970598666855769
210819905423457408
210669427296150895
210519163837203046
210369114575684805
210219279054234148
210069656841229611
209920247445224712
209771050437176336
209622065352681984
209473291740840048
209324729164202926
209176377162228340
209028235287836316
208880303095211200
208732580151938688
208585065990429249
208437760192907960
208290662306432695
208143771891445110
207997088497526580
207850611711796176
207704341086289836
207558276186375816
207412416578643204
207266761830897600
207121311500109703
206976065180609310
206831022419739456
206686182802177260
206541545901747948
206397111293467626
206252878541542657
206108847235373160
205965016953524607
205821387275736358
205677957770955828
205534728021284496
205391697633881795
205248866169242514
205106233212944580
204963798363637600
204821561209170672
204679521314725070
204537678306172549
204396031750974400
204254581241551616
204113326371450490
203972266747205700
203831401952724480
203690731596759708
203550255265460854
203409972557950725
203269883074455120
203129986428115779
202990282209522114
202850770010389345
202711449470717952
202572320160797415
202433381699195214
202294633693756884
202156075765161036
202017707499871340
201879528520709760
201741538451530724
201603736882032928
201466123449911292
201328697747005440
201191459401374693
201054408030396900
200917543252490928
200780864675434354
200644371943084036
200508064653610560
200371942441241319
200236004929548160
200100251731483389
199964682495942640
199829296814653228
199694094350141352
199559074707805248
199424237528909688
199289582432503280
199155109061830616
199020817037944564
198886706006057268
198752775600774059
198619025446129650
198485455178715561
198352064447637184
198218852879881455
198085820126481486
197952965816375741
197820289591004076
197687791104266444
197555469988004250
197423325898011753
197291358456575136
197159567332861696
197027952162539904
196896512593702644
196765248286827108
196634158880416972
196503244013939720
196372503362089105
196241936566177920
196111543291287228
195981323169186942
195851275866800596
195721401040549980
195591698359144955
195462167458062336
195332808007829937
195203619668492288
195074602112339712
194945754978507638
194817077941080784
194688570652353792
194560232799489843
194432064036545024
194304064018487524
194176232423781440
194048568920449136
193921073177384416
193793744853078405
193666583629447168
193539589177983571
193412761159790106
193286099259343041
193159603150708552
193033272508803735
192907106998175128
192781106295458512
192655270089339456
192529598058117100
192404089869735810
192278745215375012
192153563764662272
192028545210425200
191903689223963694
191778995499742528
191654463710723520
191530093541857515
191405884690045440
191281836830721024
191157949651276920
191034222851028080
190910656107855232
190787249122668500
190664001563877184
190540913145081648
190417983547390434
190295212474874112
190172599599176560
190050144637009920
189927847272668920
189805707202301701
189683724122836812
189561897743008395
189440227739237514
189318713832826193
189197355701768552
189076153068876871
188955105613706838
188834213060572605
188713475101558800
188592891429538211
188472461771057032
188352185809533385
188232063272990592
188112093846374943
187992277248240942
187872613186931280
187753101371530176
187633741511860947
187514533307575848
187395476491793449
187276570754731392
187157815820054976
187039211401248934
186920757201650868
186802452947080448
186684298353192115
186566293136357970
186448437002821857
186330729681245184
186213170879310991
186095760327088382
185978497744508916
185861382841396812
185744415349916643
185627594992107432
185510921469125092
185394394536798336
185278013897678492
185161779276605824
185045690409875349
184929747023684036
184813948834162851
184698295568898210
184582786966894144
184467422746345920
184352202636875772
184237126379498976
184122193694454004
184007404324086140
183892757989985968
183778254425129050
183663893363154308
183549674549041632
183435597707061180
183321662572832792
183207868893290285
183094216384041076
182980704803976240
182867333880669330
182754103363631217
182641012971119360
182528062453940015
182415251563516974
182302580030676453
182190047586910128
182077653996146880
181965398991141096
181853282315884560
181741303714999200
181629462933735168
181517759717968920
181406193814201296
181294764969555600
181183472931775680
181072317449224008
180961298270879760
180850415135816608
180739667815289695
180629056049589134
180518579579642612
180408238167997980
180298031567295920
180187959530780570
180078021812297604
179968218155824224
179858548326885820
179749012081123416
179639609174772084
179530339364659024
179421202397765851
179312198042550272
179203326057607321
179094586191699984
178985978215023183
178877501887923502
178769156960928852
178660943205956076
178552860374700227
178444908250599328
178337086565741313
178229395115070152
178121833642214940
178014401912135040
177907099700703988
177799926763649764
177692882877962432
177585967810837138
177479181319703985
177372523172894720
177265993149609039
177159591008964510
177053316531256581
176947169476719040
176841149626735443
176735256742650122
176629490596653712
176523850971749176
176418337630934247
176312950348028440
176207688897390004
176102553064161872
175997542623759340
175892657331669024
175787896984863588
175683261350139248
175578750205060527
175474363337928590
175370100506941957
175265961511656460
175161946121533632
175058054126949882
174954285288244800
174850639407011880
174747116244652400
174643715603770486
174540437256975341
174437280987561536
174334246579335244
174231333826748928
174128542494350224
174025872377612640
173923323272492220
173820894945090030
173718587192373813
173616399811790780
173514332570980187
173412385278480378
173310557702950977
173208849643821664
173107260890923008
173005791244642776
172904440475659956
172803208385348244
172702094755452684
172601099398351618
172500222096755505
172399462633883216
172298820823528919
172198296439852158
172097889287572404
171997599151853580
171897425848359216
171797369153204970
171697428872992649
171597604804791072
171497896746139836
171398304485078400
171298827830067597
171199466580053508
171100220524494187
171001089483179250
170902073226605328
170803171585417024
170704384340998080
170605711305011936
170507152269719060
170408707047685756
170310375442003355
170212157246314890
170114052274531620
170016060321211896
169918181201157335
169820414719715712
169722760672808805
169625218866694976
169527789127802755
169430471233675746
169333265011621392
169236170269653760
169139186806386524
169042314430728312
168945552961854141
168848902209529100
168752361974135875
168655932066325770
168559612297180577
168463402497815720
168367302450757404
168271311987972120
168175430912460096
168079659037446720
167983996186356275
167888442163479040
167792996793074688
167697659880288384
167602431240459580
167507310689345760
167412298052862149
167317393137850304
167222595761318043
167127905750409450
167033322903509860
166938847058304864
166844478023729648
166750215618851200
166656059672841405
166562009995875648
166468066398559340
166374228720960690
166280496784161225
166186870390309120
166093349370984903
165999933558149102
165906622764834725
165813416804496816
165720315519929772
165627318725375136
165534426245121024
165441637903849248
165348953526634236
165256372938941952
165163895966628816
165071522445543812
164979252183109875
164887085015956274
164795020771490417
164703059277504768
164611200362175767
164519443854062750
164427789582106869
164336237375630012
164244787064333723
164153438478298122
164062191438436608
163971045794678496
163880001359148775
163789057982506230
163698215477645300
163607473686430164
163516832441562444
163426291576113842
163335850914023665
163245510308110784
163155269573553088
163065128554395360
162975087085545812
162885144992801420
162795302130754387
162705558316456680
162615913395742681
162526367195877672
162436919563404471
162347570335760950
162258319350741453
162169166446495716
162080111452100912
161991154215856306
161902294567556985
161813532356197600
161724867421696207
161636299604320062
161547828735288500
161459454664975644
161371177225307723
161282996267342554
161194911633086001
161106923155516800
161019030686711439
160931234060345878
160843533129171221
160755927727555840
160668417708922875
160581002917672064
160493683189203968
160406458377940800
160319328319968207
160232292861047918
160145351856593629
160058505153021420
159971752587772080
159885094017242586
159798529279547961
159712058222444544
159625680703303815
159539396561243126
159453205654280525
159367107822196800
159281102923651875
159195190799087538
159109371298546020
159023644281643200
158938009589805391
158852467074040704
158767016594914853
158681657994829436
158596391134978347
158511215858409888
158426132017726724
158341139465846520
158256238065209084
158171427660146016
158086708104518685
158002079261693184
157917540976953868
157833093105098418
157748735501234025
157664468029949616
157580290528621447
157496202880785720
157412204915280165
157328296497918060
157244477494800003
157160747754024040
157077107133150480
156993555490042152
156910092691992576
156826718579206806
156743433028703232
156660235890419968
156577127023722699
156494106288275010
156411173544037636
156328328651267712
156245571479609328
156162901871724792
156080319706932660
155997824837577756
155915417125388739
155833096423320730
155750862611821049
155668715544420736
155586655084011100
155504681093772230
155422793437172245
155340991977966544
155259276580197056
155177647108191490
155096103426562585
155014645400207360
154933272894306364
154851985774322926
154770783906002405
154689667155371440
154608635388737200
154527688472686634
154446826265101700
154366048651101000
154285355480141424
154204746637878390
154124221974340660
154043781366754320
153963424683645195
153883151793813010
153802962566330640
153722856870543360
153642834567131136
153562895534929166
153483039653027072
153403266773990140
153323576768530220
153243969525459306
153164444907085641
153085002776005560
153005643012901148
152926365489805656
152847170070125076
152768056644211008
152689025067109324
152610075220800834
152531206969762816
152452420205360496
152373714783723740
152295090587859840
152216547483306804
152138085353580588
152059704073592187
151981403518509096
151903183554917465
151825044067345448
151746984931729344
151669006024259072
151591107212562000
151513288373350464
151435549401209100
151357890146912658
151280310514347300
151202810363612000
151125389581470215
151048048046127864
150970785627258693
150893602203580160
150816497662831020
150739471884211482
150662524747166225
150585656113866112
150508865890544007
150432153939863320
150355520151010560
150278964395912400
150202486555493056
150126086528388640
150049764169791993
149973519387541504
149897352037338880
149821262027475192
149745249214158157
149669313497421996
149593454760099840
149517672876561194
149441967738820081
149366339221728392
149290787209076471
149215311593571840
149139912259460948
149064589082551296
148989341947570476
148914170748140226
148839075360780544
148764055670913600
148689111572842791
148614242943792542
148539449678518080
148464731654710812
148390088758941260
148315520886637216
148241027916186500
148166609743461880
148092266238697767
148017997315446038
147943802835788788
147869682705097936
147795636803140236
147721665018516424
147647767248641433
147573943373961984
147500193292327260
147426516876060606
147352914032028749
147279384641580364
147205928603428684
147132545790809760
147059236111433681
146985999447540384
146912835698699484
146839744739049574
146766726477136725
146693780796083076
146620907596305324
146548106752837704
146475378175051625
146402721746944000
146330137361255775
146257624910939960
146185184297667840
146112815406301296
146040518121932475
145968292355356426
145896138000568320
145824054934805600
145752043060985856
145680102282219702
145608232484864916
145536433555505152
145464705406334475
145393047924344328
145321461005203177
145249944553235856
145178498447615424
145107122593078734
145035816894551749
144964581240276396
144893415518717356
144822319643831784
144751293504482660
144680336989751048
144609450014174607
144538632467230518
144467884247017685
144397205251834308
144326595380177403
144256054530742322
144185582602422273
